$ANSIBLE_VAULT;1.1;AES256
61323135326464396465383465376335663530346265376339383561306630383964396337363738
3039613932343031363938633161303538373732306337610a373238643038613037323438313238
35643730323262623134643933633933356437313932396535653738333739653132303630353261
3464346163336566620a363366326261363061316132626332303839623466633336366437353961
63306236353133373137373161613937656438636663383664666536646162383639636232323261
36613130363235323664386132663737353538336636323936636330356161666263663035643662
62343735643835666331303438316164376133383664323662653331383832323466623434303761
33616134333062376265393436323862316639623536373063373833623661313566646261613966
63633537633365343139646334363962623434663033666161363431633934393964653666326131
63343464313461396564633937363166303963653033386662633536393538613036616663366233
38363339393834303532616630383639373337386532623834323532633738643963616563316239
37613531303761613732393163626263653364356435346631353834343438653932373236393163
34663732396435363561356265396437616635386666323865363734363731396232616631393437
30373432326231316432643132656433386563323633343538643238633333356138653662353736
64336264366139383765613366353033336265376161626434653765383466316135653165626532
38386634353266616563333264313365303330363162366636623736386561643632626639373437
63333232336439373830643463616639306337396338353261336362346263356131323237386533
64313432363632386636623263643761313433663535366130343861616639386539633236666630
61333564613063306131383731386563623366316533383232623139306636663835613136306638
66343839386634633234393439316533383165666231373535356136373638396239336437393561
35353766663461663132303262333336653337393033663662636435313532633536633638353362
38336133336339646566613630636664346438633734373232306333313664633330343266373364
62343535663166666333363833363362396339323732326535313861623535343836323939363933
34363637333735653234373761346637306362626632626464326234303262336230376130376533
66323932636236386430343564396336326364343935623465336437393261643133323561653632
35643030613664386139656664383861646165323061323262303962623033643936613837646336
64386430666335396362663661353532323661303735383139353565356535626337633534336234
63633962613236643961303332393439393635386636653339613665373865333364396437666330
34396366326661396136343661623636646236656331393533313164366533353766343439366562
38623565663434316262663466633064653230613463316461636462366339393861363835646331
32313535653462663962663533393931646634363432633664633037303839346365376465616638
30316239326464643434383332663830313630366361656138353038393137363861333863656365
66323930616462343732613038636532663162326133373061643564653633623062626465326136
34343232393032326364626462386139656131323061343664653335653261396539323334313362
61616166396235663236353131656262363163633739323531646464666635393861643563333131
65306135306666383131316233316130633639316235643866383136646135326466393063663237
31306666643464633866646330316532323431366162623661616635646637653834373234373162
35326262653336623236356339303834303465323061386537626433303332323532303330386364
37666238386336383232393564633066656665383565343432656439393238616165343761653734
35663831323837646431313134636464383837373431343237393963626163336136663039623638
61326339663431383232326364336630373333393031313364643132623332336431393135376133
30616664613433396233383135626261383839616165346138373639356261363639656538346430
33336137316335356339333262623537643539613438326135336164646530333732643337663233
65653261616364376538613738656530613738646664333433333035376231323665336664366664
38366532313533356136653266626661653564353862653866313963643765633364656263363961
64393765626566353439633735623561326564383663313739333832643264373532353763646639
62383762333335646538313862346538313737373130623433343831653437333264326330393333
65363731646534643235383461616265386238353237353936373864336165323032663462383235
61623939383331393436643063356334373662333532316632643234643731633664666534626137
31383637636335326264356262616533326365316638386530633438393630393662643362356165
61653135653065343366373064643636326234636134613337663163383039653139313535393662
30623733643663336437333636323136363237326332623337643237346331326532303162393366
30343962323631306139353964366630353030373461646531633232333761346430396638663033
38633466326665663131333638616163393535636335366164336531386433393932613566376464
61343630666330383264613632333963356534393830663631663338376535646632383261646637
39356334656565336464363363653632376165343030366533643132373063646631383462356663
36313863323532393061636265663766396461626639336166636231363164383466336434323234
63323030356363653261373038636131303835393930336235353961316630346361636638663539
63663264656232303234633464353439346335656662653032373235646364646534643339653237
36343238363333333833
